exp-054f: PCA-k robustness sweep (seed 0, single q=500 fit, truncated)
k      resid%   dog    king   car    baby   (<=500 bar)
1      24.30    5269   16779  129    146    fail
4      4.84     4592   11114  4371   3565   fail
8      2.23     74     753    63     1810   fail
12     1.75     525    48     91     802    fail
16     1.50     75     36     89     90     PASS
24     1.26     118    61     57     121    PASS
32     1.12     164    78     53     121    PASS
48     0.94     58     53     47     64     PASS
64     0.82     56     69     29     69     PASS
96     0.67     40     83     29     42     PASS
128    0.56     31     115    27     40     PASS
160    0.47     38     169    31     45     PASS
192    0.41     43     262    39     38     PASS
224    0.35     57     449    41     34     PASS
256    0.30     55     362    44     32     PASS
288    0.26     54     251    48     24     PASS
320    0.23     45     752    36     26     fail
360    0.19     574    1720   31     28     fail
400    0.16     1090   4940   29     27     fail
440    0.13     323    9014   22     49     fail
480    0.11     263    17022  32     20     fail
500    0.10     342    18298  21     20     fail
